1070
9966
25544
15758
26697
26331
10670
18159
25006
26559
20626
30035
9803
21657
1028
857
26277
28985
13562
2261
21637
15702
7708
29706
24549
23276
23633
31780
30236
29658
1929
26874
20295
6843
30667
19459
5626
25347
8832
1688
29990
11356
15359
14699
22604
23873
2395
31046
27105
2266
3692
25862
7171
15385
1050
30937
18268
28181
17136
15030
11348
20389
3551
7196
25213
30270
26961
11533
570
7696
27248
31820
5296
32606
10934
16596
5617
29468
19383
10395
5477
25294
14124
26759
16507
16286
1859
27055
25487
31934
17188
12245
11549
18687
23494
21795
16166
944
5362
14115
